-1 1 1 1 1 2 2 2 2 4 6 8 10 12 12 12 
-1 -1 1 1 1 2 2 2 2 4 6 8 10 10 12 12 
-1 -1 -1 1 1 2 2 2 2 4 6 8 10 10 10 12 
-1 -1 -1 -1 1 2 2 2 2 4 6 8 10 10 10 10 
-1 -1 -1 -1 -1 2 2 2 2 4 6 8 8 8 8 8 
-1 -1 -1 -1 -1 -1 1 1 2 4 6 6 6 6 6 6 
-1 -1 -1 -1 -1 -1 -1 1 2 4 4 4 4 4 4 4 
-1 -1 -1 -1 -1 -1 -1 -1 2 2 2 2 2 2 2 2 
-1 -1 -1 -1 -1 -1 -1 -1 -1 1 1 2 2 2 2 2 
-1 -1 -1 -1 -1 -1 -1 -1 -1 -1 1 2 2 2 2 2 
-1 -1 -1 -1 -1 -1 -1 -1 -1 -1 -1 2 2 2 2 2 
-1 -1 -1 -1 -1 -1 -1 -1 -1 -1 -1 -1 1 1 1 1 
-1 -1 -1 -1 -1 -1 -1 -1 -1 -1 -1 -1 -1 1 1 1 
-1 -1 -1 -1 -1 -1 -1 -1 -1 -1 -1 -1 -1 -1 1 1 
-1 -1 -1 -1 -1 -1 -1 -1 -1 -1 -1 -1 -1 -1 -1 1 
-1 -1 -1 -1 -1 -1 -1 -1 -1 -1 -1 -1 -1 -1 -1 -1 

Length is: 12
